// MilkShape 3D ASCII

Frames: 30
Frame: 1

Meshes: 1
"group_0_16345508" 0 0
90
1 -53.658997 -20.575073 -99.331741 0.000000 0.000000 -1
1 -30.738998 20.575058 -99.331772 0.000000 0.000000 -1
1 -30.738998 -20.575073 -99.331741 0.000000 0.000000 -1
1 -53.658997 20.575058 -99.331772 0.000000 0.000000 -1
1 37.919006 20.575050 38.162579 0.000000 0.000000 -1
1 37.919006 20.575027 -7.637544 0.000000 0.000000 -1
1 14.994995 20.574989 15.031513 0.000000 0.000000 -1
1 91.602997 20.574974 -68.695625 0.000000 0.000000 -1
1 61.046005 20.575020 -22.924580 0.000000 0.000000 -1
1 95.553986 20.574989 -67.864639 0.000000 0.000000 -1
1 61.046005 20.575066 60.876640 0.000000 0.000000 -1
1 99.500000 20.575111 91.586746 0.000000 0.000000 -1
1 98.804993 20.575020 95.458649 0.000000 0.000000 -1
1 96.364014 20.574974 98.121750 0.000000 0.000000 -1
1 99.500000 20.575043 -61.103661 0.000000 0.000000 -1
1 98.265991 20.575020 -65.621674 0.000000 0.000000 -1
1 -7.781006 -20.575111 38.162586 0.000000 0.000000 -1
1 -7.781006 -20.575020 45.943535 0.000000 0.000000 -1
1 -34.302002 -20.575096 40.174599 0.000000 0.000000 -1
1 -7.781006 20.574982 45.943520 0.000000 0.000000 -1
1 -34.302002 20.575005 40.174538 0.000000 0.000000 -1
1 -22.738998 20.575066 60.876640 0.000000 0.000000 -1
1 -65.213997 -20.575050 -30.804565 0.000000 0.000000 -1
1 -99.500000 -20.575073 -26.928555 0.000000 0.000000 -1
1 -68.871994 -20.575050 -34.471546 0.000000 0.000000 -1
1 91.138000 20.575081 99.331772 0.000000 0.000000 -1
1 -61.399002 20.575081 99.331772 0.000000 0.000000 -1
1 -99.343994 -20.575066 -49.803577 0.000000 0.000000 -1
1 -80.603989 -20.575066 -49.803577 0.000000 0.000000 -1
1 98.265991 -20.575096 -65.621628 0.000000 0.000000 -1
1 99.500000 -20.575073 -61.103668 0.000000 0.000000 -1
1 -7.925003 20.575027 -7.884527 0.000000 0.000000 -1
1 -30.636002 20.575020 -30.804585 0.000000 0.000000 -1
1 -42.360001 20.575027 -7.884527 0.000000 0.000000 -1
1 98.804993 -20.575066 95.458679 0.000000 0.000000 -1
1 99.500000 -20.575058 91.586647 0.000000 0.000000 -1
1 14.994995 20.574989 -19.299547 0.000000 0.000000 -1
1 96.364014 -20.575066 98.121651 0.000000 0.000000 -1
1 91.138000 -20.575081 99.331718 0.000000 0.000000 -1
1 -19.283005 20.575005 15.249512 0.000000 0.000000 -1
1 -99.500000 20.575005 -26.928600 0.000000 0.000000 -1
1 -7.781006 20.575050 38.162579 0.000000 0.000000 -1
1 95.553986 -20.575073 -67.864563 0.000000 0.000000 -1
1 91.602997 -20.575050 -68.695602 0.000000 0.000000 -1
1 -68.834991 20.575020 76.567665 0.000000 0.000000 -1
1 -68.679001 20.575111 91.586746 0.000000 0.000000 -1
1 37.919006 -20.575089 -7.637505 0.000000 0.000000 -1
1 37.919006 -20.575111 38.162586 0.000000 0.000000 -1
1 -65.213997 20.575020 -30.804585 0.000000 0.000000 -1
1 -68.871994 20.575020 -34.471550 0.000000 0.000000 -1
1 -22.738998 -20.575066 60.876595 0.000000 0.000000 -1
1 61.046005 -20.575066 60.876595 0.000000 0.000000 -1
1 -61.399002 -20.575081 99.331718 0.000000 0.000000 -1
1 14.994995 -20.575081 15.031521 0.000000 0.000000 -1
1 14.994995 -20.575066 -19.299536 0.000000 0.000000 -1
1 -42.360001 -20.575050 -7.884501 0.000000 0.000000 -1
1 61.046005 -20.575096 -22.924576 0.000000 0.000000 -1
1 -68.679001 -20.575058 91.586647 0.000000 0.000000 -1
1 -67.542999 -20.575050 95.932648 0.000000 0.000000 -1
1 -65.041000 -20.575066 98.244743 0.000000 0.000000 -1
1 -68.834991 -20.575035 76.567627 0.000000 0.000000 -1
1 45.531998 -20.575081 -7.666532 0.000000 0.000000 -1
1 38.487000 -20.575089 -34.318592 0.000000 0.000000 -1
1 76.427002 -20.575096 -68.539619 0.000000 0.000000 -1
1 -30.636002 -20.575081 -64.839645 0.000000 0.000000 -1
1 -7.925003 -20.575073 -42.174637 0.000000 0.000000 -1
1 -30.636002 -20.575050 -30.804565 0.000000 0.000000 -1
1 -34.533005 -20.575081 -68.732567 0.000000 0.000000 -1
1 -7.925003 -20.575050 -7.884501 0.000000 0.000000 -1
1 -19.283005 -20.575081 15.249523 0.000000 0.000000 -1
1 -38.326996 -20.575081 -68.732567 0.000000 0.000000 -1
1 -38.326996 20.574989 -68.732658 0.000000 0.000000 -1
1 -38.289993 20.575020 -53.478607 0.000000 0.000000 -1
1 -38.289993 -20.575096 -53.478626 0.000000 0.000000 -1
1 -53.658997 -20.575058 -38.112576 0.000000 0.000000 -1
1 -7.925003 20.575020 -42.174614 0.000000 0.000000 -1
1 -53.658997 20.575020 -38.112602 0.000000 0.000000 -1
1 -68.871994 -20.575058 -38.112576 0.000000 0.000000 -1
1 -68.871994 20.575020 -38.112602 0.000000 0.000000 -1
1 -80.603989 20.575035 -49.803585 0.000000 0.000000 -1
1 -53.658997 -20.575073 -76.542694 0.000000 0.000000 -1
1 -53.658997 20.575012 -76.542694 0.000000 0.000000 -1
1 -99.343994 20.575035 -49.803585 0.000000 0.000000 -1
1 45.531998 20.574989 -7.666546 0.000000 0.000000 -1
1 -65.041000 20.574974 98.244736 0.000000 0.000000 -1
1 -67.542999 20.575020 95.932701 0.000000 0.000000 -1
1 38.487000 20.575005 -34.318554 0.000000 0.000000 -1
1 76.427002 20.574997 -68.539581 0.000000 0.000000 -1
1 -30.636002 20.574974 -64.839630 0.000000 0.000000 -1
1 -34.533005 20.574989 -68.732658 0.000000 0.000000 -1
90
-0.408248 -0.408249 -0.816496
0.193955 0.849962 -0.489843
0.108982 -0.955178 -0.275241
-0.816497 0.408248 -0.408248
0.577350 0.577351 0.577350
0.236550 0.942610 0.235650
-0.410410 0.815632 -0.407809
0.069337 0.709199 -0.701590
0.049457 0.983279 0.175259
0.386026 0.457841 -0.800853
-0.365150 0.912871 -0.182571
0.795711 0.601517 0.070852
0.698762 0.568425 0.434309
0.338859 0.570305 0.748283
0.816902 0.557741 -0.146956
0.579740 0.723780 -0.374226
0.408248 -0.816496 0.408250
0.626776 -0.734567 0.259929
-0.277216 -0.960806 0.001639
0.812348 0.476026 0.336883
-0.233774 0.972290 0.001382
0.086854 0.983472 -0.158869
0.345199 -0.731382 -0.588148
-0.410329 -0.906082 0.103174
0.787259 -0.581437 -0.205316
0.053325 0.709142 0.703047
-0.159679 0.558301 0.814127
-0.407314 -0.407323 -0.817425
-0.199875 -0.851269 -0.485170
0.744049 -0.464455 -0.480284
0.826757 -0.557740 -0.073476
0.408248 0.816497 0.408248
-0.436436 0.872871 -0.218218
0.135811 0.959146 0.248182
0.768995 -0.568425 0.292471
0.551005 -0.833059 0.049059
-0.588221 0.731367 0.345108
0.484738 -0.570306 0.663159
0.106643 -0.709141 0.696955
0.343836 0.731775 -0.588457
-0.367629 0.906082 0.209439
0.235702 0.942809 0.235703
0.302464 -0.717470 -0.627497
0.087866 -0.449338 -0.889030
-0.711249 0.580432 -0.396515
-0.826820 0.557273 0.076257
0.409544 -0.815979 0.407986
0.408248 -0.816497 0.408248
0.172599 0.731382 -0.659765
0.702360 0.581437 -0.410634
0.331502 -0.938408 0.097452
-0.182574 -0.912871 -0.365149
-0.067724 -0.710412 0.700520
-0.237118 -0.942476 -0.235615
-0.659794 -0.731367 0.172554
0.271622 -0.959146 -0.079124
-0.159636 -0.983279 0.087630
-0.817779 -0.557272 0.143825
-0.661031 -0.568664 0.489551
-0.352461 -0.563628 0.747057
-0.914917 -0.335713 -0.224107
0.408285 -0.580686 0.704349
0.004430 -0.897804 -0.440373
-0.248339 -0.730354 -0.636325
-0.659847 -0.731339 0.172469
-0.079193 -0.959158 0.271557
-0.218218 -0.872872 -0.436435
-0.336355 -0.475923 0.812627
0.577350 -0.577350 0.577351
0.169591 -0.731775 -0.660109
0.534706 -0.802062 0.266057
0.267353 0.802062 0.534059
0.812815 0.476156 0.335570
0.627068 -0.734687 0.258885
0.336519 -0.475955 0.812540
0.248150 0.959159 0.135779
0.259661 0.734503 0.626962
0.235703 -0.942809 0.235703
0.408248 0.816497 0.408248
-0.295826 0.629962 -0.718078
-0.483843 -0.851641 -0.201502
-0.271501 0.955773 -0.113070
-0.814628 0.407323 -0.412879
0.205803 0.580686 0.787686
-0.463128 0.563628 0.683986
-0.743143 0.568664 0.352645
0.002397 0.971215 -0.238191
-0.320623 0.471467 -0.821535
-0.588358 0.731338 0.344935
-0.259542 0.734474 0.627046
188
1 0 1 2 0 1 2 1
1 1 0 3 1 0 3 1
1 4 5 6 4 5 6 1
1 7 8 9 7 8 9 1
1 8 10 11 8 10 11 1
1 12 10 13 12 10 13 1
1 14 15 8 14 15 8 1
1 11 10 12 11 10 12 1
1 14 8 11 14 8 11 1
1 9 8 15 9 8 15 1
1 16 17 18 16 17 18 1
1 19 20 21 19 20 21 1
1 22 23 24 22 23 24 1
1 25 10 21 25 10 21 1
1 25 21 26 25 21 26 1
1 27 28 23 27 28 23 1
1 29 15 14 29 15 14 1
1 29 14 30 29 14 30 1
1 31 32 33 31 32 33 1
1 11 12 34 11 12 34 1
1 11 34 35 11 34 35 1
1 6 5 36 6 5 36 1
1 12 13 37 12 13 37 1
1 12 37 34 12 37 34 1
1 13 25 38 13 25 38 1
1 13 38 37 13 38 37 1
1 33 20 39 33 20 39 1
1 40 20 33 40 20 33 1
1 39 41 6 39 41 6 1
1 9 42 43 9 42 43 1
1 9 43 7 9 43 7 1
1 29 42 9 29 42 9 1
1 29 9 15 29 9 15 1
1 4 6 41 4 6 41 1
1 39 20 41 39 20 41 1
1 19 41 20 19 41 20 1
1 44 45 21 44 45 21 1
1 20 44 21 20 44 21 1
1 46 4 47 46 4 47 1
1 48 49 40 48 49 40 1
1 50 21 51 50 21 51 1
1 11 35 30 11 35 30 1
1 11 30 14 11 30 14 1
1 19 17 16 19 17 16 1
1 19 21 50 19 21 50 1
1 19 50 17 19 50 17 1
1 10 51 21 10 51 21 1
1 26 52 25 26 52 25 1
1 38 25 52 38 25 52 1
1 46 47 53 46 47 53 1
1 53 54 46 53 54 46 1
1 23 22 55 23 22 55 1
1 18 23 55 18 23 55 1
1 42 29 56 42 29 56 1
1 30 56 29 30 56 29 1
1 51 56 35 51 56 35 1
1 35 34 51 35 34 51 1
1 34 37 51 34 37 51 1
1 38 51 37 38 51 37 1
1 47 16 53 47 16 53 1
1 57 18 58 57 18 58 1
1 59 58 18 59 58 18 1
1 60 18 57 60 18 57 1
1 52 59 18 52 59 18 1
1 30 35 56 30 35 56 1
1 43 42 56 43 42 56 1
1 52 50 38 52 50 38 1
1 50 18 17 50 18 17 1
1 56 61 62 56 61 62 1
1 46 62 61 46 62 61 1
1 43 56 63 43 56 63 1
1 18 50 52 18 50 52 1
1 51 38 50 51 38 50 1
1 64 65 66 64 65 66 1
1 67 2 64 67 2 64 1
1 55 66 68 55 66 68 1
1 16 18 69 16 18 69 1
1 55 69 18 55 69 18 1
1 70 71 72 70 71 72 1
1 70 72 73 70 72 73 1
1 69 53 16 69 53 16 1
1 72 74 73 72 74 73 1
1 68 31 33 68 31 33 1
1 68 33 55 68 33 55 1
1 32 66 48 32 66 48 1
1 65 75 68 65 75 68 1
1 72 76 74 72 76 74 1
1 36 65 54 36 65 54 1
1 24 77 78 24 77 78 1
1 24 78 49 24 78 49 1
1 6 36 54 6 36 54 1
1 74 76 78 74 76 78 1
1 74 78 77 74 78 77 1
1 39 69 55 39 69 55 1
1 39 55 33 39 55 33 1
1 28 27 79 28 27 79 1
1 44 20 18 44 20 18 1
1 80 28 79 80 28 79 1
1 80 79 81 80 79 81 1
1 53 69 6 53 69 6 1
1 80 81 3 80 81 3 1
1 80 3 0 80 3 0 1
1 4 41 16 4 41 16 1
1 4 16 47 4 16 47 1
1 22 24 49 22 24 49 1
1 22 49 48 22 49 48 1
1 16 41 19 16 41 19 1
1 69 39 6 69 39 6 1
1 27 82 79 27 82 79 1
1 53 6 54 53 6 54 1
1 83 5 46 83 5 46 1
1 83 46 61 83 46 61 1
1 46 5 4 46 5 4 1
1 23 18 40 23 18 40 1
1 20 40 18 20 40 18 1
1 23 40 82 23 40 82 1
1 23 82 27 23 82 27 1
1 65 64 2 65 64 2 1
1 2 62 65 2 62 65 1
1 63 56 62 63 56 62 1
1 60 44 18 60 44 18 1
1 70 80 2 70 80 2 1
1 67 70 2 67 70 2 1
1 84 21 85 84 21 85 1
1 26 21 84 26 21 84 1
1 45 85 21 45 85 21 1
1 65 68 66 65 68 66 1
1 22 66 55 22 66 55 1
1 25 13 10 25 13 10 1
1 46 54 62 46 54 62 1
1 65 62 54 65 62 54 1
1 86 8 87 86 8 87 1
1 7 87 8 7 87 8 1
1 74 80 73 74 80 73 1
1 70 73 80 70 73 80 1
1 0 2 80 0 2 80 1
1 31 75 32 31 75 32 1
1 88 32 75 88 32 75 1
1 28 77 23 28 77 23 1
1 1 88 75 1 88 75 1
1 36 86 75 36 86 75 1
1 1 75 86 1 75 86 1
1 1 71 89 1 71 89 1
1 89 88 1 89 88 1 1
1 74 77 80 74 77 80 1
1 28 80 77 28 80 77 1
1 24 23 77 24 23 77 1
1 32 48 33 32 48 33 1
1 26 84 59 26 84 59 1
1 26 59 52 26 59 52 1
1 36 5 86 36 5 86 1
1 5 83 86 5 83 86 1
1 8 86 83 8 86 83 1
1 84 85 58 84 85 58 1
1 84 58 59 84 58 59 1
1 85 45 57 85 45 57 1
1 85 57 58 85 57 58 1
1 3 81 1 3 81 1 1
1 1 81 71 1 81 71 1
1 45 44 60 45 44 60 1
1 45 60 57 45 60 57 1
1 40 33 48 40 33 48 1
1 10 8 56 10 8 56 1
1 10 56 51 10 56 51 1
1 83 61 8 83 61 8 1
1 56 8 61 56 8 61 1
1 81 79 78 81 79 78 1
1 81 78 76 81 78 76 1
1 87 63 62 87 63 62 1
1 87 62 86 87 62 86 1
1 76 72 81 76 72 81 1
1 72 71 81 72 71 81 1
1 43 63 87 43 63 87 1
1 43 87 7 43 87 7 1
1 2 1 62 2 1 62 1
1 86 62 1 86 62 1 1
1 49 78 40 49 78 40 1
1 78 79 40 78 79 40 1
1 82 40 79 82 40 79 1
1 32 88 64 32 88 64 1
1 32 64 66 32 64 66 1
1 31 68 75 31 68 75 1
1 64 88 67 64 88 67 1
1 67 88 89 67 88 89 1
1 36 75 65 36 75 65 1
1 67 89 71 67 89 71 1
1 67 71 70 67 71 70 1
1 22 48 66 22 48 66 1


Materials: 1
"solidwhite"
0.000000 0.000000 0.000000 1.000000
0.976471 0.411765 0.643137 1.000000
0.000000 0.000000 0.000000 1.000000
0.000000 0.000000 0.000000 1.000000
0.000000
1.000000
"./solidwhite.png"
""

Bones: 0
GroupComments: 0
MaterialComments: 0
BoneComments: 0
ModelComment: 0
